4.967141530112326869e-02
-1.382643011711846663e-02
6.476885381006924902e-02
1.523029856408025517e-01
-2.341533747233359719e-02
-2.341369569491805538e-02
1.579212815507391454e-01
7.674347291529087789e-02
-4.694743859349521237e-02
5.425600435859646853e-02
-4.634176928124622563e-02
-4.657297535702568936e-02
2.419622715660341150e-02
-1.913280244657797891e-01
-1.724917832513032934e-01
-5.622875292409727083e-02
-1.012831120334423823e-01
3.142473325952738900e-02
-9.080240755212110049e-02
-1.412303701335291539e-01
1.465648768921554157e-01
-2.257763004865356860e-02
6.752820468792383908e-03
-1.424748186213456724e-01
-5.443827245251826874e-02
1.109225897098660950e-02
-1.150993577422302905e-01
3.756980183456719996e-02
-6.006386899188050077e-02
-2.916937497932767936e-02
-6.017066122293969477e-02
1.852278184508937831e-01
-1.349722473793392137e-03
-1.057710928955900437e-01
8.225449121031891409e-02
-1.220843649971022349e-01
2.088635950047554313e-02
-1.959670123879775627e-01
-1.328186048898430671e-01
1.968612358691235187e-02
7.384665799954104326e-02
1.713682811899705158e-02
-1.156482823882405350e-02
-3.011036955892888028e-02
-1.478521990367427374e-01
-7.198442083947086123e-02
-4.606387709597875579e-02
1.057122226218915745e-01
3.436182895684614103e-02
-1.763040155362733952e-01
3.240839693947950018e-02
-3.850822804163165497e-02
-6.769220003059588098e-02
6.116762888408679155e-02
1.030999522495951032e-01
9.312801191161985959e-02
-8.392175232226385673e-02
-3.092123758512145895e-02
3.312634314035639571e-02
9.755451271223591903e-02
-4.791742378452899798e-02
-1.856589766638171157e-02
-1.106334974006028260e-01
-1.196206624080670827e-01
8.125258223941980718e-02
1.356240028570822875e-01
-7.201012158033384680e-03
1.003532897892024239e-01
3.616360250476341465e-02
-6.451197546051243292e-02
3.613956055084139446e-02
1.538036566465969257e-01
-3.582603910995154056e-03
1.564643655814006440e-01
-2.619745104089744592e-01
8.219025043752238580e-02
8.704706823817123448e-03
-2.990073504658674608e-02
9.176077653550230792e-03
-1.987568914600892911e-01
-2.196718878375119449e-02
3.571125715117464544e-02
1.477894044741516200e-01
-5.182702182736474011e-02
-8.084936028931877239e-02
-5.017570435845365717e-02
9.154021177020742195e-02
3.287511096596845012e-02
-5.297602037670388203e-02
5.132674331133561113e-02
9.707754934804038727e-03
9.686449905328892163e-02
-7.020530938773524021e-02
-3.276621465977682529e-02
-3.921081531321576885e-02
-1.463514948132118576e-01
2.961202770645760679e-02
2.610552721798893583e-02
5.113456642460889774e-04
-2.345871333751469237e-02
-1.415370742050414410e-01
-4.206453227653590698e-02
-3.427145165267694860e-02
-8.022772692216190160e-02
-1.612857116660091489e-02
4.040508568145384505e-02
1.886185901210530313e-01
1.745778128318389508e-02
2.575503907227643871e-02
-7.444591576616721787e-03
-1.918771215299041599e-01
-2.651387544921687909e-03
6.023020994102644410e-03
2.463242112485286295e-01
-1.923609647811225232e-02
3.015473423336124947e-02
-3.471176970524331336e-03
-1.168678037619532151e-01
1.142822814515020574e-01
7.519330326867741665e-02
7.910319470430469957e-02
-9.093874547947389253e-02
1.402794310936099353e-01
-1.401851062792280889e-01
5.868570938002703324e-02
2.190455625809978601e-01
-9.905363251306883998e-02
-5.662977296027719293e-02
9.965136508764122283e-03
-5.034756541161992255e-02
-1.550663431066132691e-01
6.856297480602732870e-03
-1.062303713726104881e-01
4.735924306351815827e-02
-9.194242342338032614e-02
1.549934405017539540e-01
-7.832532923362371668e-02
-3.220615162056755798e-02
8.135172173696697540e-02
-1.230864316433955274e-01
2.274599346041294295e-02
1.307142754282428210e-01
-1.607483234561227770e-01
1.846338585323042264e-02
2.598827942484235529e-02
7.818228717773104131e-02
-1.236950710878081949e-01
-1.320456613084276254e-01
5.219415656168976958e-02
2.969846732331860722e-02
2.504928503458765665e-02
3.464482094969757037e-02
-6.800247215784908927e-02
2.322536971610035528e-02
2.930724732986812742e-02
-7.143514180263678404e-02
1.865774511144756564e-01
4.738329209117875251e-02
-1.191303497202648720e-01
6.565536086338297217e-02
-9.746816702273214394e-02
7.870846037424521213e-02
1.158595579007404147e-01
-8.206823183517104880e-02
9.633761292443218660e-02
4.127809269364983435e-02
8.220601599944900306e-02
1.896792982653947579e-01
-2.453881160028704989e-02
-7.537361643574896908e-02
-8.895144296255233507e-02
-8.158102849654383371e-02
-7.710170941410420670e-03
3.411519748166438881e-02
2.766907993300190757e-02
8.271832490360238321e-02
1.300189187790702031e-03
1.453534077157316862e-01
-2.646568332379560864e-02
2.720169166589618825e-01
6.256673477650062654e-02
-8.571575564162825511e-02
-1.070892498061112308e-01
4.824724152431852930e-02
-2.234627853258509128e-02
7.140004940920920140e-02
4.732376245735448600e-02
-7.282891265687277405e-03
-8.467937180684050047e-02
-1.514847224685864635e-01
-4.465149520670211314e-02
8.563987943234724343e-02
2.140937441302039751e-02
-1.245738778711988071e-01
1.731809258511820063e-02
3.853173797288367980e-02
-8.838574362011331065e-02
1.537251059455279137e-02
5.820871844599989804e-03
-1.142970297830623178e-01
3.577873603482833315e-02
5.607845263682344206e-02
1.083051243175277012e-01
1.053802052034902986e-01
-1.377669367957091162e-01
-9.378250399151227823e-02
5.150352672086597888e-02
5.137859509122088414e-02
5.150476863060479693e-02
3.852731490654721647e-01
5.708905106931669998e-02
1.135565640180598995e-01
9.540017634932024260e-02
6.513912513057980302e-02
-3.152692446403456555e-02
7.589692204932674269e-02
-7.728252145375719140e-02
-2.368186067400088884e-02
-4.853635478291035144e-02
8.187413938632256277e-03
2.314658566673508666e-01
-1.867265192591748280e-01
6.862601903745134402e-02
-1.612715871189651651e-01
-4.719318657894334967e-02
1.088950596967366152e-01
6.428001909546277731e-03
-1.077744777929306175e-01
-7.153037092599683067e-02
6.795977489346759215e-02
-7.303666317171367273e-02
2.164585895819748709e-02
4.557183990381378710e-03
-6.516003476058171429e-02
2.143944089325325875e-01
6.339190223180111994e-02
-2.025142586657607269e-01
1.864543147694276357e-02
-6.617864647683879831e-02
8.524333347962240182e-02
-7.925207384327007110e-02
-1.147364414668990140e-02
5.049872789804571438e-02
8.657551941701215059e-02
-1.200296407055776310e-01
-3.345012358409484021e-02
-4.749453111609561878e-02
-6.533292325737119488e-02
1.765454240281096876e-01
4.049817109609555460e-02
-1.260883954335045298e-01
9.178619470547760839e-02
2.122156197012633472e-01
1.032465260551146957e-01
-1.519369965954013579e-01
-4.842340728662514193e-02
1.266911149186622787e-01
-7.076694656187808297e-02
4.438194281462284896e-02
7.746340534293368052e-02
-9.269304715780829484e-02
-5.952535606180008217e-03
-3.241267340069072800e-01
-1.024387641334289917e-01
-2.525681513931603284e-02
-1.247783181964849525e-01
1.632411303931635416e-01
-1.430141377960632842e-01
-4.400444866969838165e-02
1.307405772860913487e-02
1.441273289066115626e-01
-1.435862151179439494e-01
1.163163752154959679e-01
1.023306101958705019e-03
-9.815086510479509307e-02
4.621034742632707665e-02
1.990596955734700441e-02
-6.002168771587947094e-02
6.980208499001891789e-03
-3.853135968617601992e-02
1.135173452512480523e-02
6.621306745210467359e-02
1.586016816145352226e-01
-1.237815498826849159e-01
2.133033374656266856e-01
-1.952087799522501943e-01
-1.517850950355833367e-02
5.883172064845765270e-02
2.809918677350326660e-02
-6.226995198205938220e-02
-2.081222503572752180e-02
-4.930009346588328650e-02
-5.893647569442115458e-02
8.496020970210246825e-02
3.570154859650473411e-02
-6.929095952606542652e-02
8.995998754332507064e-02
3.072995208766093542e-02
8.128621188389600905e-02
6.296288419236122091e-02
-8.289950109220722840e-02
-5.601810401969695846e-02
7.472936051232619004e-02
6.103702654334648703e-02
-2.090159396414813155e-03
1.173273833087819934e-02
1.277664895788424848e-01
-5.915713888358299644e-02
5.470973811700379635e-02
-2.021926524338940601e-02
-2.176812032272203157e-02
1.098776851987190162e-01
8.254163489880299298e-02
8.135096360006385807e-02
1.305478807154329124e-01
2.100384163275904794e-03
6.819529712949638778e-02
-3.102667565934560598e-02
3.241663524884421527e-02
-1.301430543676845852e-02
9.699596499271819633e-03
5.951570254369136642e-02
-8.182206832334726343e-02
2.092387275685460291e-01
-1.006017381499701990e-01
-1.214188612787732158e-01
1.158110873500067806e-01
7.916626939629359261e-02
6.241198170521551625e-02
6.283455092642799278e-02
-1.224677284691462432e-03
-8.972543714858316477e-02
7.580455819372633811e-03
-6.771617115121117414e-02
9.751197334177512388e-02
-1.470573815021386510e-02
-8.254971967925116283e-02
-3.213858416529934842e-02
4.129314542756243323e-02
-5.637245528039747100e-02
-8.222203955664314501e-02
2.436872114919123172e-02
2.449665711087227818e-02
-5.069431753711298172e-02
-4.710383056183228140e-02
2.320499373576363072e-02
-1.448084341497324068e-01
-1.407463774376555288e-01
-7.184442212524359828e-02
-2.134471517118472633e-02
3.109075655980046010e-02
1.475356216949552102e-01
8.576596232020194943e-02
-1.599385299634271257e-02
-1.901620790268883018e-03
-1.002529364637808895e-01
-1.851313599238993109e-03
-2.886586389201383288e-02
3.227185603380895024e-02
-8.272309435523229892e-02
5.193465142411723273e-02
1.532738913002577863e-01
-1.087601484568576082e-02
4.017117220989414872e-02
6.901439917111125422e-02
-4.012204718858362884e-02
2.240924818104167784e-02
1.259240078179486117e-03
9.767609854883172946e-03
-7.730097838554665646e-02
2.451017425894271452e-03
4.979982912454497535e-02
1.451143607795041812e-01
9.592708260852068902e-02
2.153182457511556569e-01
-7.673475628880495336e-02
8.723206367206781664e-02
1.833420057383517571e-02
2.189802933217672443e-01
-8.082982853551515245e-02
-8.397218421807761679e-02
-5.993926454440221679e-02
-2.123895724309806943e-01
-5.257550216807610477e-02
-7.591326615536980738e-02
1.503937864762076339e-02
3.417559757771594653e-02
1.876170839215886288e-01
9.504238381860502516e-02
-5.769036556624031198e-02
-8.984146713483580349e-02
4.919191715065057702e-02
-1.320233207020642119e-01
1.831458765854353798e-01
1.179440120721287066e-01
-4.691756521047048267e-02
-1.713134529090877545e-01
1.353872374165412951e-01
-1.145398452526178931e-02
1.237816311973461841e-01
-1.594427658794367320e-01
-5.993750229537728874e-02
5.243699718183165819e-04
4.698059376474206066e-03
-4.500654714792436811e-02
6.228499323474987609e-02
-1.067620429382594438e-01
-1.423794850212935052e-02
1.202956317118988698e-02
5.144388340587490588e-02
7.116148780888897907e-02
-1.124642091837869257e-01
-1.534114170735622340e-01
1.277676821898509063e-01
3.323140119795916364e-02
-7.484865365565536444e-02
1.551151975522523097e-01
1.156746342928586732e-02
1.179297184063826526e-01
6.751848141010895199e-03
2.060747924881987103e-01
1.755340842443204596e-01
-2.489641484790735063e-02
9.715709509543554723e-02
6.453759495851475736e-02
1.368631557532348775e-01
-9.649234605801045028e-02
6.860514599984393613e-02
1.058424486849587898e-01
-1.758739486423114284e-01
-1.183258512665775197e-01
-2.039232177760100795e-01
-2.694068344445577773e-02
7.175422557959623693e-02
1.502357052096028323e-01
7.409478041977519275e-03
1.628615545571291956e-01
-1.380101458214891552e-01
-1.703382439355154709e-01
-5.554769889661878221e-03
3.840654489393072885e-02
-3.269474809409311355e-03
-2.067442100039876829e-01
-8.912003951278840361e-03
-1.304469500504853163e-01
6.696725488300385443e-02
3.665982460968483098e-02
-9.398797863273553044e-02
-5.138669173366935961e-02
-1.059213521888951598e-01
-6.267909727317187707e-03
9.551423205012382622e-02
-9.857260463355438374e-02
5.040465155178444623e-02
-5.302576183724408421e-02
-7.928728322623442015e-02
-1.070303599545578341e-02
-1.035242322419374084e-01
-5.536493053471820691e-02
-1.197877892588848497e-01
1.964725132916389505e-01
3.526355197172861486e-03
-6.997255079925855659e-02
2.139799107342220397e-02
-1.123280496908298301e-02
-2.209695995332229893e-02
6.141667000434252593e-02
7.575077100473051606e-02
-5.305011476105275098e-02
-5.758182406446800405e-02
-2.750516971516440284e-02
-2.301921164735585001e-01
-1.515191062198552319e-01
1.366874267444524726e-01
1.644967713501283846e-01
-2.490360395563783261e-02
5.765569630557664665e-02
3.112501545435361269e-02
3.078880808455237705e-01
1.119574911434576825e-01
-1.279175914807665487e-02
-9.555404406004258666e-02
-1.606446320257572669e-01
2.034636358672231235e-02
-7.563507452843033774e-02
-1.422253709597674221e-01
-6.465728842425265410e-02
-1.081548003614394987e-01
1.687141635072564871e-01
8.816397569494505149e-02
-7.972641316617372874e-04
1.479944138890025851e-01
7.736830764761830348e-03
-8.612842013282637210e-02
1.523124077269657484e-01
5.389100436846586822e-02
-1.037246154326456477e-01
-1.903386780836081871e-02
-8.756182533847572946e-02
-1.382799730964336116e-01
