0.000000000000000000e+00
0.000000000000000000e+00
4.515606966786166881e-02
2.229845041652055437e-01
1.681884128964586111e-01
-5.306617385504443229e-02
6.922515126230342764e-02
2.425035369274569363e-01
7.567295922209801851e-02
-2.887047870709642805e-02
-3.611020563170727615e-02
-9.925737392934205761e-02
-3.793212701222417604e-02
-1.542649217120617422e-01
-3.770134685610334602e-01
-2.809346540737518438e-01
-1.335081688986157200e-01
-1.070138280624512855e-02
-1.384671259730130277e-02
-2.147899435286965142e-01
-3.737685867604864653e-02
1.540124115231457091e-01
4.985476742069125389e-02
-1.545086580300583656e-01
-2.477319688224552952e-01
-7.603295502371719417e-02
-6.014400883715802226e-02
-5.248031829065515769e-02
-1.894209265341757764e-02
-7.245499448006970100e-02
-9.912131935410253836e-02
1.211180692576711709e-01
2.306393131214865277e-01
-6.477722653398226837e-02
-9.309573652527250442e-02
-7.046670287320255799e-02
-8.832822471857931790e-02
-1.799537892355531354e-01
-3.376512126637252198e-01
-1.489329669195789685e-01
1.410195458276763958e-01
1.800819269910051978e-01
3.339671959176535032e-02
-7.895933325132400982e-02
-2.161151745834197502e-01
-2.538286735697176666e-01
-1.289623162860927263e-01
9.953183675046956003e-02
2.060277734724285659e-01
-1.002388440797860047e-01
-2.098045338089026823e-01
-5.539216075725686417e-02
-6.588435928359157034e-02
5.160203056377286879e-03
1.818011417878411251e-01
2.424169626865264604e-01
2.731600437286189897e-02
-1.673591532125571213e-01
-6.360855062291298490e-02
1.453306710798203394e-01
1.054933672127489480e-01
-6.247151457557081899e-02
-1.769299084617743101e-01
-2.630744309134286363e-01
-5.881342488428861759e-02
2.659405597381738762e-01
2.220995807284137369e-01
9.945540314991729858e-02
9.094893514524632350e-02
-4.363026503737055944e-02
-6.535135583472914678e-02
1.724171457181349898e-01
2.026660232409406570e-01
1.728036794194144909e-01
-1.261309009823699534e-01
-2.473913342820491801e-01
3.277638736556408305e-02
5.036010360997755786e-02
1.851757351495639768e-03
-2.005356425005322130e-01
-2.637555767922385441e-01
-1.163149235139294274e-02
2.504916490986991984e-01
1.732185821290739280e-01
-1.352243601283772134e-01
-2.159826068984146419e-01
5.163095366459452551e-03
1.743647298295584736e-01
3.736195125027393787e-02
-2.595993646928137361e-02
3.204312571835687268e-02
1.172041226453474777e-01
4.464741256977286521e-02
-1.141203615505670954e-01
-1.185605082437279079e-01
-1.922899682572013491e-01
-1.255686872556298350e-01
7.100689242449712002e-02
8.603686156448434041e-02
-6.605513761247183702e-03
-1.871742580241198550e-01
-2.280542164362477364e-01
-9.328404021613170838e-02
-7.403059180092012859e-02
-7.446377351719940529e-02
3.013792203094192365e-02
2.575359574020216757e-01
2.611363793233584807e-01
5.355917038736729419e-02
-4.446894908598389429e-02
-2.405415691071932927e-01
-2.424065541283327296e-01
-6.498332313370089319e-03
3.205434035351996114e-01
3.142074486586480808e-01
2.836532771774110534e-02
-5.859521445027287417e-02
-1.631357800284512771e-01
-3.082027146690409503e-02
2.120950593122028494e-01
2.241756617982511024e-01
-2.145856734731388382e-03
-7.523956589723740374e-03
-2.691997669224881207e-02
-7.870255260336189718e-02
2.568872971088561052e-01
1.945955337530608509e-01
-1.495448504917513410e-01
-1.430160634326100855e-01
-5.869059183220924625e-02
-1.787431430828216317e-01
-1.633850236034506131e-01
-9.848726339174473932e-02
-2.860140100826691345e-02
-2.229940049100555266e-02
7.859261554966139041e-02
9.454469172441247460e-02
-9.433800898714712890e-02
-1.059930561602862031e-03
-3.192755868806243513e-02
-9.533065321290767891e-02
1.331666981791758686e-01
2.138501570502485127e-02
-1.494607972529443940e-01
-1.008358912465143545e-02
1.324778502180322115e-01
-4.901124101953410750e-03
-2.764625856218259070e-01
-1.522597477169748692e-01
9.945241100624729880e-02
1.308035106667888303e-01
8.180565904076543549e-02
-4.709917817963225201e-02
-7.939661178637928696e-02
3.359694812340822956e-02
-1.494768501733127058e-02
1.131584754409681870e-01
2.533380794575225137e-01
-3.055603838286405360e-02
-1.184919853877269558e-01
-7.776252565331535915e-02
-5.983995924683474521e-03
2.107858733009113639e-01
9.047990204835891503e-02
-2.277871906429584925e-03
9.684516154006410360e-02
1.409391006420783743e-01
2.803838927852990714e-01
1.897057101856254868e-01
-1.197489569518058183e-01
-2.535914036791097614e-01
-2.196433300371938013e-01
-8.077084621134460185e-02
7.054185942747169535e-02
1.125939359355882935e-01
1.303980514999234785e-01
8.509004560299723852e-02
1.331454825179862744e-01
1.160673918177523717e-01
2.425103079426389197e-01
3.447066495285268095e-01
3.277807751601552466e-03
-2.813767166933083819e-01
-1.512437828837683296e-01
4.163576406176847794e-02
1.122992230275506736e-01
1.454319350455627324e-01
5.058993318713517900e-02
-1.175767621043937172e-01
-2.832690654885747783e-01
-2.401164306863138032e-01
4.960328158478859162e-02
1.871241590552923384e-01
-4.803419661634439342e-02
-1.543198428320849414e-01
1.281951592556703282e-02
-1.217143474370936673e-02
-6.413542968362805075e-02
5.842493566108387416e-03
-9.113504592261027770e-02
-9.271363021337292176e-02
8.496667248791235638e-02
2.107017192643064751e-01
2.498389595841745137e-01
-2.395285400397614839e-02
-2.982235156664471143e-01
-1.285167403460815427e-01
1.313962491210228789e-01
1.814222265146221147e-01
4.623430066096555491e-01
4.932241370394674362e-01
1.843734364903241718e-01
1.076914380814206762e-01
1.077416238651050795e-01
1.655380836563358216e-02
1.675466692167185134e-02
-1.443810017527570599e-02
-1.052044602656356798e-01
-9.792795304419465996e-02
-3.845430071701143315e-02
2.570555529357281821e-01
1.137261643032118075e-01
-1.286292995065537181e-01
-1.743205689851546614e-01
-2.223799960103204354e-01
4.922031920565549112e-02
1.834173394189744510e-01
-4.811131444780496202e-02
-2.273389648125523355e-01
-5.979267726807875605e-02
2.714660424863933608e-02
-1.156065493595230184e-02
2.039230915289440282e-02
-5.263482670172135724e-02
1.354358417053201369e-01
3.100083642998667233e-01
-8.664537925166913845e-02
-2.721181289512445423e-01
-1.226894434099482512e-01
5.547991163084592392e-02
5.820077772624079882e-02
-7.154234715903680375e-02
5.086184866626160261e-03
1.482251543560062501e-01
3.060199024737003670e-03
-1.777234227558349700e-01
-1.366834605691850668e-01
-1.069137737796612003e-01
1.278594352520938948e-01
2.731504023271918991e-01
-3.483138988389181123e-02
-1.039361319572981446e-01
2.601649860683170612e-01
3.947035535262514716e-01
-2.805271354443139575e-03
-2.952423118495260401e-01
-2.359744538132513281e-02
1.043754862027057723e-01
2.877383395332615973e-02
1.057584257413966417e-01
-3.097989295978806346e-03
-1.196068720556409531e-01
-3.686289387386984528e-01
-4.765693785696849538e-01
-1.598346108945677968e-01
-5.891682784369878245e-02
9.943964003000822782e-02
6.360518548656191040e-02
-1.747918704712968785e-01
-9.560371966258407461e-02
1.667157603606746474e-01
6.672709965007486699e-02
-2.967061943155206716e-02
7.630857216559616685e-02
-7.364235396425948543e-02
-8.241366799922980602e-02
5.276925796639791305e-02
-4.220849128034082076e-03
-5.695736876751954919e-02
-4.885330583904835128e-02
-2.435570124426709310e-02
8.434369468650819435e-02
2.521590396425177349e-01
7.477342517237520192e-02
5.667491691827247768e-02
-1.523470284235084460e-02
-2.191051494599159655e-01
-1.773364389083587067e-02
1.291818160206921473e-01
1.554413580729821498e-02
-1.010035056804282627e-01
-1.065796541768842809e-01
-1.122728714977076214e-01
2.940215591339579576e-02
1.553439299328708834e-01
7.559400743484101515e-03
-8.507472452340889002e-03
1.010385788239858973e-01
1.378767119842888578e-01
1.523440244385048936e-01
-2.027372591036777361e-02
-1.824804019094496133e-01
-3.306149526463471322e-02
1.627645726464317377e-01
1.169906219840687878e-01
7.728160642823403426e-03
1.051643320159312556e-01
7.819657397054970149e-02
-4.704569636777324038e-03
4.097722205676279650e-03
-4.340332162262403731e-02
7.575287654847656649e-02
2.147070733634761641e-01
2.017822447066772440e-01
2.074642286000127900e-01
1.204111488320693951e-01
4.152229573673379970e-02
9.277587173927674680e-04
-1.493390650092073918e-02
8.137393503613414569e-03
2.655124345847983090e-03
6.779462530237530260e-02
-9.000220495184410585e-03
1.152216413951598906e-01
1.225406716588167133e-01
-2.069839800866011825e-01
-8.931595945608600262e-02
2.019550170949903356e-01
2.224384491969406130e-01
1.413224037107933539e-01
3.420677911907951674e-02
-1.284429529868510445e-01
-1.294659249568466675e-01
-7.066484123030172815e-02
5.210191924395591451e-02
1.143462894103394190e-01
-7.080356212077296152e-02
-1.566879081942207097e-01
-2.179680501317535213e-02
1.506843330363463740e-02
-1.158681291826639398e-01
-8.436681006680182837e-02
5.057620354803303575e-02
1.217774300471644033e-02
-9.657317382203750578e-02
-5.156873396253005420e-02
-1.159565872569851830e-01
-2.892609535293545475e-01
-2.512487000892377198e-01
-8.233259915713664334e-02
6.472665081322287461e-02
2.306311994748048988e-01
2.787203506881460457e-01
8.470601179043915629e-02
-7.151360966297340416e-02
-1.595539087863190042e-01
-1.299709164600993117e-01
-2.723048171287890257e-02
3.781204811083740958e-02
-2.728445378388089093e-02
-3.741172715649882657e-02
1.956522387251011519e-01
1.950784162891714690e-01
4.074672008491794784e-02
6.115925784288184230e-02
1.850941068518095756e-02
-2.857213669546318155e-02
5.131231689339504735e-03
1.730448512670918620e-02
-6.360262644621159089e-02
-9.060584817608356711e-02
4.075360084560199214e-02
2.270425925571328829e-01
2.888423853541504660e-01
3.297527463311546447e-01
1.330262567746320346e-01
-4.195861039235715406e-02
3.385641417347545062e-02
2.438836111934831741e-01
1.805744180196538207e-01
-1.672269972055097087e-01
-2.403396517986045033e-01
-3.075543475060960597e-01
-2.709356281743487971e-01
-1.134397130221725114e-01
-3.023975286304490459e-03
9.240574212562394085e-02
2.556421901451689793e-01
3.196385954830711640e-01
5.444252702045036807e-02
-2.179035149296211782e-01
-1.274435523014321170e-01
-7.797140694147136619e-02
8.013853088355425702e-02
3.360114773465648907e-01
1.429782473311487223e-01
-2.570588705092379245e-01
-1.465715760316895766e-01
1.214116453850612315e-01
1.933636900483921561e-01
-1.024647572756434699e-02
-2.594361095287520680e-01
-1.361874405051651804e-01
2.678973142186551540e-02
1.242831828372621683e-02
2.801803807121143464e-02
-4.388071469386181644e-02
-1.317741459741552656e-01
-2.930745077156786393e-02
8.759068573259634616e-02
1.573538716565319739e-01
-2.054021429025253143e-02
-3.038449297060766829e-01
-1.028878684908478558e-01
1.930606068119663232e-01
5.025645469818339206e-02
6.328490505920351950e-02
1.516833485671403026e-01
1.518601060622413734e-01
1.174142068006001627e-01
2.003642140872574640e-01
3.833939143613060985e-01
1.883501785799530370e-01
2.377970283462099710e-02
9.291164233822568619e-02
2.019299635238346324e-01
5.949583303800064227e-02
-5.714319992956043426e-02
1.267441702202712350e-01
-3.499021867380533446e-02
-3.181244654561712903e-01
-4.001416910600960608e-01
-2.506552715275439658e-01
8.839526227793605140e-02
3.252460124014425746e-01
2.343280540901207520e-01
1.575912714692205008e-01
-1.699173373232019946e-02
-3.552909052289099368e-01
-2.697374439749837816e-01
4.030440433945160078e-02
1.257994959564954773e-01
-1.659057246729480906e-01
-2.736717671156110865e-01
-1.824006769715040832e-01
-3.166201771314880453e-02
1.485154872727613984e-01
2.036796567768422994e-03
-1.680464895964653982e-01
-2.077287244444798175e-01
-1.235859332561101975e-01
1.128366163840696657e-01
6.303502791586362841e-02
-4.003248905901747590e-02
-3.695473772855191463e-02
-1.329538689692328912e-01
-1.109894950524219354e-01
-1.107674876289506671e-01
-1.477781812037319842e-01
-1.784972384979809090e-01
7.877888202949233365e-02
2.579532849172375131e-01
-1.455626969794274195e-03
-1.064018644855617562e-01
-3.502394520967833103e-02
-1.983093490553547097e-02
4.878707514096927711e-02
1.535046500405800318e-01
4.980829341938933924e-02
-1.310143069006303729e-01
-1.376520650842134319e-01
-2.674511109331975667e-01
-3.995824897496479955e-01
-4.289343590959923680e-02
3.889098202853109587e-01
2.702295915560968265e-01
2.576566895905961496e-02
8.278680672085588638e-03
3.145540920507808869e-01
4.760475864682183200e-01
1.476584341021138502e-01
-1.958848325817963421e-01
-3.672140575597040435e-01
-1.978356490246123423e-01
-1.801730085696821859e-02
-1.488971515681135338e-01
-2.181314187173700736e-01
-1.893663919547138585e-01
7.669349057695346028e-02
3.230515130972033688e-01
1.656923955288641392e-01
1.157342776931214179e-01
1.196517935012974543e-01
-8.520590793258131512e-02
1.197665546435505712e-02
2.092854739158590827e-01
4.586346398510326994e-03
-1.629117684604085015e-01
-1.629723978675565177e-01
-2.283791456673501530e-01
